1,337,118,4,4.5,4.5,9.65,1,Yes
2,324,107,4,4,4.5,8.87,1,Depends
3,316,104,3,3,3.5,8,1,Depends
4,322,110,3,3.5,2.5,8.67,1,Yes
5,314,103,2,2,3,8.21,0,Depends
6,330,115,5,4.5,3,9.34,1,Yes
7,321,109,3,3,4,8.2,1,Depends
8,308,101,2,3,4,7.9,0,Depends
9,302,102,1,2,1.5,8,0,No
10,323,108,3,3.5,3,8.6,0,No
11,325,106,3,3.5,4,8.4,1,No
12,327,111,4,4,4.5,9,1,Yes
13,328,112,4,4,4.5,9.1,1,Depends
14,307,109,3,4,3,8,1,No
15,311,104,3,3.5,2,8.2,1,No
16,314,105,3,3.5,2.5,8.3,0,No
17,317,107,3,4,3,8.7,0,Depends
18,319,106,3,4,3,8,1,Depends
19,318,110,3,4,3,8.8,0,No
20,303,102,3,3.5,3,8.5,0,No
21,312,107,3,3,2,7.9,1,No
22,325,114,4,3,2,8.4,0,Depends
23,328,116,5,5,5,9.5,1,Yes
24,334,119,5,5,4.5,9.7,1,Yes
25,336,119,5,4,3.5,9.8,1,Yes
26,340,120,5,4.5,4.5,9.6,1,Yes
27,322,109,5,4.5,3.5,8.8,0,Depends
28,298,98,2,1.5,2.5,7.5,1,No
29,295,93,1,2,2,7.2,0,No
30,310,99,2,1.5,2,7.3,0,No
31,300,97,2,3,3,8.1,1,Depends
32,327,103,3,4,4,8.3,1,Depends
33,338,118,4,3,4.5,9.4,1,Yes
34,340,114,5,4,4,9.6,1,Yes
35,331,112,5,4,5,9.8,1,Yes
36,320,110,5,5,5,9.2,1,Yes
37,299,106,2,4,4,8.4,0,No
38,300,105,1,1,2,7.8,0,No
39,304,105,1,3,1.5,7.5,0,No
40,307,108,2,4,3.5,7.7,0,No
41,308,110,3,3.5,3,8,1,No
42,316,105,2,2.5,2.5,8.2,1,No
43,313,107,2,2.5,2,8.5,1,No
44,332,117,4,4.5,4,9.1,0,Yes
45,326,113,5,4.5,4,9.4,1,Yes
46,322,110,5,5,4,9.1,1,Yes
47,329,114,5,4,5,9.3,1,Yes
48,339,119,5,4.5,4,9.7,0,Yes
49,321,110,3,3.5,5,8.85,1,Yes
50,327,111,4,3,4,8.4,1,Depends
51,313,98,3,2.5,4.5,8.3,1,Depends
52,312,100,2,1.5,3.5,7.9,1,No
53,334,116,4,4,3,8,1,Depends
54,324,112,4,4,2.5,8.1,1,Depends
55,322,110,3,3,3.5,8,0,Depends
56,320,103,3,3,3,7.7,0,No
57,316,102,3,2,3,7.4,0,No
58,298,99,2,4,2,7.6,0,No
59,300,99,1,3,2,6.8,1,No
60,311,104,2,2,2,8.3,0,No
61,309,100,2,3,3,8.1,0,No
62,307,101,3,4,3,8.2,0,No
63,304,105,2,3,3,8.2,1,No
64,315,107,2,4,3,8.5,1,No
65,325,111,3,3,3.5,8.7,0,No
66,325,112,4,3.5,3.5,8.92,0,No
67,327,114,3,3,3,9.02,0,No
68,316,107,2,3.5,3.5,8.64,1,No
69,318,109,3,3.5,4,9.22,1,Depends
70,328,115,4,4.5,4,9.16,1,Depends
71,332,118,5,5,5,9.64,1,Yes
72,336,112,5,5,5,9.76,1,Yes
73,321,111,5,5,5,9.45,1,Yes
74,314,108,4,4.5,4,9.04,1,Yes
75,314,106,3,3,5,8.9,0,Depends
76,329,114,2,2,4,8.56,1,Depends
77,327,112,3,3,3,8.72,1,Depends
78,301,99,2,3,2,8.22,0,No
79,296,95,2,3,2,7.54,1,No
80,294,93,1,1.5,2,7.36,0,No
81,312,105,3,2,3,8.02,1,No
82,340,120,4,5,5,9.5,1,Yes
83,320,110,5,5,4.5,9.22,1,Yes
84,322,115,5,4,4.5,9.36,1,Yes
85,340,115,5,4.5,4.5,9.45,1,Yes
86,319,103,4,4.5,3.5,8.66,0,Depends
87,315,106,3,4.5,3.5,8.42,0,Depends
88,317,107,2,3.5,3,8.28,0,Depends
89,314,108,3,4.5,3.5,8.14,0,No
90,316,109,4,4.5,3.5,8.76,1,Depends
91,318,106,2,4,4,7.92,1,No
92,299,97,3,5,3.5,7.66,0,No
93,298,98,2,4,3,8.03,0,No
94,301,97,2,3,3,7.88,1,No
95,303,99,3,2,2.5,7.66,0,No
96,304,100,4,1.5,2.5,7.84,0,No
97,306,100,2,3,3,8,0,No
98,331,120,3,4,4,8.96,1,Yes
99,332,119,4,5,4.5,9.24,1,Yes
100,323,113,3,4,4,8.88,1,Depends
101,322,107,3,3.5,3.5,8.46,1,Depends
102,312,105,2,2.5,3,8.12,0,No
103,314,106,2,4,3.5,8.25,0,No
104,317,104,2,4.5,4,8.47,0,No
105,326,112,3,3.5,3,9.05,1,Depends
106,316,110,3,4,4.5,8.78,1,Depends
107,329,111,4,4.5,4.5,9.18,1,Yes
108,338,117,4,3.5,4.5,9.46,1,Yes
109,331,116,5,5,5,9.38,1,Yes
110,304,103,5,5,4,8.64,0,Depends
111,305,108,5,3,3,8.48,0,No
112,321,109,4,4,4,8.68,1,Depends
113,301,107,3,3.5,3.5,8.34,1,No
114,320,110,2,4,3.5,8.56,0,Depends
115,311,105,3,3.5,3,8.45,1,No
116,310,106,4,4.5,4.5,9.04,1,Depends
117,299,102,3,4,3.5,8.62,0,No
118,290,104,4,2,2.5,7.46,0,No
119,296,99,2,3,3.5,7.28,0,No
120,327,104,5,3,3.5,8.84,1,Depends
121,335,117,5,5,5,9.56,1,Yes
122,334,119,5,4.5,4.5,9.48,1,Yes
123,310,106,4,1.5,2.5,8.36,0,No
124,308,108,3,3.5,3.5,8.22,0,No
125,301,106,4,2.5,3,8.47,0,No
126,300,100,3,2,3,8.66,1,No
127,323,113,3,4,3,9.32,1,Yes
128,319,112,3,2.5,2,8.71,1,Depends
129,326,112,3,3.5,3,9.1,1,Yes
130,333,118,5,5,5,9.35,1,Yes
131,339,114,5,4,4.5,9.76,1,Yes
132,303,105,5,5,4.5,8.65,0,Depends
133,309,105,5,3.5,3.5,8.56,0,Depends
134,323,112,5,4,4.5,8.78,0,Depends
135,333,113,5,4,4,9.28,1,Yes
136,314,109,4,3.5,4,8.77,1,Yes
137,312,103,3,5,4,8.45,0,Depends
138,316,100,2,1.5,3,8.16,1,Depends
139,326,116,2,4.5,3,9.08,1,Yes
140,318,109,1,3.5,3.5,9.12,0,Depends
141,329,110,2,4,3,9.15,1,Yes
142,332,118,2,4.5,3.5,9.36,1,Yes
143,331,115,5,4,3.5,9.44,1,Yes
144,340,120,4,4.5,4,9.92,1,Yes
145,325,112,2,3,3.5,8.96,1,Yes
146,320,113,2,2,2.5,8.64,1,Yes
147,315,105,3,2,2.5,8.48,0,Depends
148,326,114,3,3,3,9.11,1,Yes
149,339,116,4,4,3.5,9.8,1,Yes
150,311,106,2,3.5,3,8.26,1,Depends
151,334,114,4,4,4,9.43,1,Yes
152,332,116,5,5,5,9.28,1,Yes
153,321,112,5,5,5,9.06,1,Yes
154,324,105,3,3,4,8.75,0,Depends
155,326,108,3,3,3.5,8.89,0,Yes
156,312,109,3,3,3,8.69,0,Depends
157,315,105,3,2,2.5,8.34,0,Depends
158,309,104,2,2,2.5,8.26,0,Depends
159,306,106,2,2,2.5,8.14,0,No
160,297,100,1,1.5,2,7.9,0,No
161,315,103,1,1.5,2,7.86,0,No
162,298,99,1,1.5,3,7.46,0,No
163,318,109,3,3,3,8.5,0,Depends
164,317,105,3,3.5,3,8.56,0,Depends
165,329,111,4,4.5,4,9.01,1,Yes
166,322,110,5,4.5,4,8.97,0,Depends
167,302,102,3,3.5,5,8.33,0,Depends
168,313,102,3,2,3,8.27,0,No
169,293,97,2,2,4,7.8,1,No
170,311,99,2,2.5,3,7.98,0,Depends
171,312,101,2,2.5,3.5,8.04,1,Depends
172,334,117,5,4,4.5,9.07,1,Yes
173,322,110,4,4,5,9.13,1,Yes
174,323,113,4,4,4.5,9.23,1,Yes
175,321,111,4,4,4,8.97,1,Yes
176,320,111,4,4.5,3.5,8.87,1,Yes
177,329,119,4,4.5,4.5,9.16,1,Yes
178,319,110,3,3.5,3.5,9.04,0,Yes
179,309,108,3,2.5,3,8.12,0,Depends
180,307,102,3,3,3,8.27,0,Depends
181,300,104,3,3.5,3,8.16,0,Depends
182,305,107,2,2.5,2.5,8.42,0,Depends
183,299,100,2,3,3.5,7.88,0,Depends
184,314,110,3,4,4,8.8,0,Depends
185,316,106,2,2.5,4,8.32,0,Depends
186,327,113,4,4.5,4.5,9.11,1,Yes
187,317,107,3,3.5,3,8.68,1,Yes
188,335,118,5,4.5,3.5,9.44,1,Yes
189,331,115,5,4.5,3.5,9.36,1,Yes
190,324,112,5,5,5,9.08,1,Yes
191,324,111,5,4.5,4,9.16,1,Yes
192,323,110,5,4,5,8.98,1,Yes
193,322,114,5,4.5,4,8.94,1,Yes
194,336,118,5,4.5,5,9.53,1,Yes
195,316,109,3,3.5,3,8.76,0,Depends
196,307,107,2,3,3.5,8.52,1,Depends
197,306,105,2,3,2.5,8.26,0,Depends
198,310,106,2,3.5,2.5,8.33,0,Depends
199,311,104,3,4.5,4.5,8.43,0,Depends
200,313,107,3,4,4.5,8.69,0,Depends
201,317,103,3,2.5,3,8.54,1,Depends
202,315,110,2,3.5,3,8.46,1,Depends
203,340,120,5,4.5,4.5,9.91,1,Yes
204,334,120,5,4,5,9.87,1,Yes
205,298,105,3,3.5,4,8.54,0,Depends
206,295,99,2,2.5,3,7.65,0,No
207,315,99,2,3.5,3,7.89,0,No
208,310,102,3,3.5,4,8.02,1,Depends
209,305,106,2,3,3,8.16,0,No
210,301,104,3,3.5,4,8.12,1,Depends
211,325,108,4,4.5,4,9.06,1,Depends
212,328,110,4,5,4,9.14,1,Yes
213,338,120,4,5,5,9.66,1,Yes
214,333,119,5,5,4.5,9.78,1,Yes
215,331,117,4,4.5,5,9.42,1,Yes
216,330,116,5,5,4.5,9.36,1,Yes
217,322,112,4,4.5,4.5,9.26,1,Yes
218,321,109,4,4,4,9.13,1,Yes
219,324,110,4,3,3.5,8.97,1,Yes
220,312,104,3,3.5,3.5,8.42,0,Depends
221,313,103,3,4,4,8.75,0,Depends
222,316,110,3,3.5,4,8.56,0,Depends
223,324,113,4,4.5,4,8.79,0,Depends
224,308,109,2,3,4,8.45,0,Depends
225,305,105,2,3,2,8.23,0,Depends
226,296,99,2,2.5,2.5,8.03,0,No
227,306,110,2,3.5,4,8.45,0,No
228,312,110,2,3.5,3,8.53,0,No
229,318,112,3,4,3.5,8.67,0,Depends
230,324,111,4,3,3,9.01,1,Yes
231,313,104,3,4,4.5,8.65,0,Depends
232,319,106,3,3.5,2.5,8.33,1,Depends
233,312,107,2,2.5,3.5,8.27,0,Depends
234,304,100,2,2.5,3.5,8.07,0,No
235,330,113,5,5,4,9.31,1,Yes
236,326,111,5,4.5,4,9.23,1,Yes
237,325,112,4,4,4.5,9.17,1,Yes
238,329,114,5,4.5,5,9.19,1,Yes
239,310,104,3,2,3.5,8.37,0,Depends
240,299,100,1,1.5,2,7.89,0,No
241,296,101,1,2.5,3,7.68,0,No
242,317,103,2,2.5,2,8.15,0,Depends
243,324,115,3,3.5,3,8.76,1,Depends
244,325,114,3,3.5,3,9.04,1,Depends
245,314,107,2,2.5,4,8.56,0,No
246,328,110,4,4,2.5,9.02,1,Yes
247,316,105,3,3,3.5,8.73,0,Depends
248,311,104,2,2.5,3.5,8.48,0,Depends
249,324,110,3,3.5,4,8.87,1,Yes
250,321,111,3,3.5,4,8.83,1,Depends
251,320,104,3,3,2.5,8.57,1,Depends
252,316,99,2,2.5,3,9,0,Depends
253,318,100,2,2.5,3.5,8.54,1,Depends
254,335,115,4,4.5,4.5,9.68,1,Yes
255,321,114,4,4,5,9.12,0,Yes
256,307,110,4,4,4.5,8.37,0,Depends
257,309,99,3,4,4,8.56,0,Depends
258,324,100,3,4,5,8.64,1,Depends
259,326,102,4,5,5,8.76,1,Depends
260,331,119,4,5,4.5,9.34,1,Yes
261,327,108,5,5,3.5,9.13,1,Yes
262,312,104,3,3.5,4,8.09,0,Depends
263,308,103,2,2.5,4,8.36,1,Depends
264,324,111,3,2.5,1.5,8.79,1,Depends
265,325,110,2,3,2.5,8.76,1,Depends
266,313,102,3,2.5,2.5,8.68,0,Depends
267,312,105,2,2,2.5,8.45,0,Depends
268,314,107,3,3,3.5,8.17,1,Depends
269,327,113,4,4.5,5,9.14,0,Yes
270,308,108,4,4.5,5,8.34,0,Depends
271,306,105,2,2.5,3,8.22,1,Depends
272,299,96,2,1.5,2,7.86,0,No
273,294,95,1,1.5,1.5,7.64,0,No
274,312,99,1,1,1.5,8.01,1,No
275,315,100,1,2,2.5,7.95,0,No
276,322,110,3,3.5,3,8.96,1,Depends
277,329,113,5,5,4.5,9.45,1,Yes
278,320,101,2,2.5,3,8.62,0,Depends
279,308,103,2,3,3.5,8.49,0,Depends
280,304,102,2,3,4,8.73,0,Depends
281,311,102,3,4.5,4,8.64,1,Depends
282,317,110,3,4,4.5,9.11,1,Yes
283,312,106,3,4,3.5,8.79,1,Yes
284,321,111,3,2.5,3,8.9,1,Yes
285,340,112,4,5,4.5,9.66,1,Yes
286,331,116,5,4,4,9.26,1,Yes
287,336,118,5,4.5,4,9.19,1,Yes
288,324,114,5,5,4.5,9.08,1,Yes
289,314,104,4,5,5,9.02,0,Yes
290,313,109,3,4,3.5,9,0,Depends
291,307,105,2,2.5,3,7.65,0,No
292,300,102,2,1.5,2,7.87,0,No
293,302,99,2,1,2,7.97,0,No
294,312,98,1,3.5,3,8.18,1,No
295,316,101,2,2.5,2,8.32,1,No
296,317,100,2,3,2.5,8.57,0,Depends
297,310,107,3,3.5,3.5,8.67,0,Depends
298,320,120,3,4,4.5,9.11,0,Yes
299,330,114,3,4.5,4.5,9.24,1,Yes
300,305,112,3,3,3.5,8.65,0,Depends
301,309,106,2,2.5,2.5,8,0,No
302,319,108,2,2.5,3,8.76,0,Depends
303,322,105,2,3,3,8.45,1,Depends
304,323,107,3,3.5,3.5,8.55,1,Depends
305,313,106,2,2.5,2,8.43,0,No
306,321,109,3,3.5,3.5,8.8,1,Depends
307,323,110,3,4,3.5,9.1,1,Depends
308,325,112,4,4,4,9,1,Yes
309,312,108,3,3.5,3,8.53,0,Depends
310,308,110,4,3.5,3,8.6,0,Depends
311,320,104,3,3,3.5,8.74,1,Depends
312,328,108,4,4.5,4,9.18,1,Yes
313,311,107,4,4.5,4.5,9,1,Depends
314,301,100,3,3.5,3,8.04,0,Depends
315,305,105,2,3,4,8.13,0,Depends
316,308,104,2,2.5,3,8.07,0,Depends
317,298,101,2,1.5,2,7.86,0,No
318,300,99,1,1,2.5,8.01,0,No
319,324,111,3,2.5,2,8.8,1,Depends
320,327,113,4,3.5,3,8.69,1,Yes
321,317,106,3,4,3.5,8.5,1,Depends
322,323,104,3,4,4,8.44,1,Depends
323,314,107,2,2.5,4,8.27,0,Depends
324,305,102,2,2,2.5,8.18,0,No
325,315,104,3,3,2.5,8.33,0,Depends
326,326,116,3,3.5,4,9.14,1,Yes
327,299,100,3,2,2,8.02,0,No
328,295,101,2,2.5,2,7.86,0,Depends
329,324,112,4,4,3.5,8.77,1,Yes
330,297,96,2,2.5,1.5,7.89,0,No
331,327,113,3,3.5,3,8.66,1,Yes
332,311,105,2,3,2,8.12,1,Depends
333,308,106,3,3.5,2.5,8.21,1,Depends
334,319,108,3,3,3.5,8.54,1,Depends
335,312,107,4,4.5,4,8.65,1,Depends
336,325,111,4,4,4.5,9.11,1,Yes
337,319,110,3,3,2.5,8.79,0,Depends
338,332,118,5,5,5,9.47,1,Yes
339,323,108,5,4,4,8.74,1,Yes
340,324,107,5,3.5,4,8.66,1,Yes
341,312,107,3,3,3,8.46,1,Depends
342,326,110,3,3.5,3.5,8.76,1,Depends
343,308,106,3,3,3,8.24,0,No
344,305,103,2,2.5,3.5,8.13,0,No
345,295,96,2,1.5,2,7.34,0,No
346,316,98,1,1.5,2,7.43,0,No
347,304,97,2,1.5,2,7.64,0,No
348,299,94,1,1,1,7.34,0,No
349,302,99,1,2,2,7.25,0,No
350,313,101,3,2.5,3,8.04,0,No
351,318,107,3,3,3.5,8.27,1,Depends
352,325,110,4,3.5,4,8.67,1,Depends
353,303,100,2,3,3.5,8.06,1,No
354,300,102,3,3.5,2.5,8.17,0,No
355,297,98,2,2.5,3,7.67,0,No
356,317,106,2,2,3.5,8.12,0,Depends
357,327,109,3,3.5,4,8.77,1,Depends
358,301,104,2,3.5,3.5,7.89,1,Depends
359,314,105,2,2.5,2,7.64,0,Depends
360,321,107,2,2,1.5,8.44,0,Yes
361,322,110,3,4,5,8.64,1,Yes
362,334,116,4,4,3.5,9.54,1,Yes
363,338,115,5,4.5,5,9.23,1,Yes
364,306,103,2,2.5,3,8.36,0,Depends
365,313,102,3,3.5,4,8.9,1,Depends
366,330,114,4,4.5,3,9.17,1,Yes
367,320,104,3,3.5,4.5,8.34,1,Depends
368,311,98,1,1,2.5,7.46,0,No
369,298,92,1,2,2,7.88,0,No
370,301,98,1,2,3,8.03,1,Depends
371,310,103,2,2.5,2.5,8.24,0,Depends
372,324,110,3,3.5,3,9.22,1,Yes
373,336,119,4,4.5,4,9.62,1,Yes
374,321,109,3,3,3,8.54,1,Depends
375,315,105,2,2,2.5,7.65,0,No
376,304,101,2,2,2.5,7.66,0,No
377,297,96,2,2.5,2,7.43,0,No
378,290,100,1,1.5,2,7.56,0,No
379,303,98,1,2,2.5,7.65,0,No
380,311,99,1,2.5,3,8.43,1,Depends
381,322,104,3,3.5,4,8.84,1,Depends
382,319,105,3,3,3.5,8.67,1,Depends
383,324,110,4,4.5,4,9.15,1,Yes
384,300,100,3,3,3.5,8.26,0,No
385,340,113,4,5,5,9.74,1,Yes
386,335,117,5,5,5,9.82,1,Yes
387,302,101,2,2.5,3.5,7.96,0,No
388,307,105,2,2,3.5,8.1,0,No
389,296,97,2,1.5,2,7.8,0,No
390,320,108,3,3.5,4,8.44,1,Depends
391,314,102,2,2,2.5,8.24,0,No
392,318,106,3,2,3,8.65,0,Depends
393,326,112,4,4,3.5,9.12,1,Yes
394,317,104,2,3,3,8.76,0,Depends
395,329,111,4,4.5,4,9.23,1,Yes
396,324,110,3,3.5,3.5,9.04,1,Yes
397,325,107,3,3,3.5,9.11,1,Yes
398,330,116,4,5,4.5,9.45,1,Yes
399,312,103,3,3.5,4,8.78,0,Depends
400,333,117,4,5,4,9.66,1,Yes
